%YAML:1.0
MarkerSize:
   width: 523
   height: 258
MarkerOrigin:
   x: 315
   y: 223
WorldScale: 7.5999999046325684e-001
WorldAngle: 2.2375590801239014e+000
MARKER_DEPTH: 789.
KinectTransform: !!opencv-matrix
   rows: 4
   cols: 4
   dt: f
   data: [ 7.62371302e-001, -2.42071878e-002, 1.58293188e-001,
       -1.50601854e+001, -4.97994274e-002, -7.67711520e-001,
       1.22440614e-001, -2.46376286e+001, 1.52193099e-001,
       -1.29944995e-001, -7.52864003e-001, 5.75012390e+002, 0., 0., 0.,
       1. ]
